input: abcdbcdecdefdefgefghfghighijhijkijkljklmklmnlmnomnopnopq

01100001011000100110001101100100 01100010011000110110010001100101                            Block 1
01100011011001000110010101100110 01100100011001010110011001100111
01100101011001100110011101101000 01100110011001110110100001101001
01100111011010000110100101101010 01101000011010010110101001101011
01101001011010100110101101101100 01101010011010110110110001101101
01101011011011000110110101101110 01101100011011010110111001101111
01101101011011100110111101110000 01101110011011110111000001110001
10000000000000000000000000000000 00000000000000000000000000000000
00000000000000000000000000000000 00000000000000000000000000000000                            Block 2
00000000000000000000000000000000 00000000000000000000000000000000
00000000000000000000000000000000 00000000000000000000000000000000
00000000000000000000000000000000 00000000000000000000000000000000
00000000000000000000000000000000 00000000000000000000000000000000
00000000000000000000000000000000 00000000000000000000000000000000
00000000000000000000000000000000 00000000000000000000000111000000

input: abc

01100001011000100110001110000000 00000000000000000000000000000000                          Block 1
00000000000000000000000000000000 00000000000000000000000000000000
00000000000000000000000000000000 00000000000000000000000000000000
00000000000000000000000000000000 00000000000000000000000000000000
00000000000000000000000000000000 00000000000000000000000000000000
00000000000000000000000000000000 00000000000000000000000000000000
00000000000000000000000000000000 00000000000000000000000000000000
00000000000000000000000000000000 00000000000000000000000000011000
